     #Energy           s          py          pz          px         dxy         dyz         dz2         dxz      dx2-y2       tot  
   -15.63296     0.00000     0.00000     0.00000     0.00000     0.00000     0.00000     0.00000     0.00000     0.00000     0.00000
   -15.56296     0.00000     0.00000     0.00000     0.00000     0.00000     0.00000     0.00000     0.00000     0.00000     0.00000
   -15.49296     0.00000     0.00000     0.00000     0.00000     0.00000     0.00000     0.00000     0.00000     0.00000     0.00000
   -15.42296     0.00000     0.00000     0.00000     0.00000     0.00000     0.00000     0.00000     0.00000     0.00000     0.00000
   -15.35296     0.00000     0.00000     0.00000     0.00000     0.00000     0.00000     0.00000     0.00000     0.00000     0.00000
   -15.28296     0.00000     0.00000     0.00000     0.00000     0.00000     0.00000     0.00000     0.00000     0.00000     0.00000
   -15.21296     0.00000     0.00000     0.00000     0.00000     0.00000     0.00000     0.00000     0.00000     0.00000     0.00000
   -15.14296     0.00000     0.00000     0.00000     0.00000     0.00000     0.00000     0.00000     0.00000     0.00000     0.00000
   -15.07296     0.00000     0.00000     0.00000     0.00000     0.00000     0.00000     0.00000     0.00000     0.00000     0.00000
   -15.00296     0.00000     0.00000     0.00000     0.00000     0.00000     0.00000     0.00000     0.00000     0.00000     0.00000
   -14.93296     0.00000     0.00000     0.00000     0.00000     0.00000     0.00000     0.00000     0.00000     0.00000     0.00000
   -14.86296     0.00000     0.00000     0.00000     0.00000     0.00000     0.00000     0.00000     0.00000     0.00000     0.00000
   -14.79296     0.00000     0.00000     0.00000     0.00000     0.00000     0.00000     0.00000     0.00000     0.00000     0.00000
   -14.72296     0.00000     0.00000     0.00000     0.00000     0.00000     0.00000     0.00000     0.00000     0.00000     0.00000
   -14.65296     0.01650     0.00000     0.00025     0.00000     0.00000     0.00000     0.00000     0.00000     0.00000     0.01675
   -14.58296     0.05047     0.00001     0.00077     0.00001     0.00000     0.00000     0.00000     0.00000     0.00000     0.05125
   -14.51196     0.12414     0.00003     0.00207     0.00003     0.00000     0.00000     0.00000     0.00000     0.00000     0.12627
   -14.44196     0.20471     0.00006     0.00352     0.00006     0.00000     0.00000     0.00000     0.00000     0.00000     0.20835
   -14.37196     0.25624     0.00012     0.00443     0.00012     0.00000     0.00000     0.00000     0.00000     0.00000     0.26090
   -14.30196     0.29983     0.00019     0.00518     0.00019     0.00000     0.00000     0.00000     0.00000     0.00000     0.30538
   -14.23196     0.33308     0.00025     0.00575     0.00025     0.00000     0.00000     0.00000     0.00000     0.00000     0.33933
   -14.16196     0.36777     0.00033     0.00634     0.00033     0.00000     0.00000     0.00000     0.00000     0.00000     0.37477
   -14.09196     0.40268     0.00043     0.00694     0.00043     0.00000     0.00000     0.00000     0.00000     0.00000     0.41047
   -14.02196     0.43533     0.00053     0.00749     0.00053     0.00000     0.00000     0.00000     0.00000     0.00000     0.44387
   -13.95196     0.45925     0.00060     0.00789     0.00060     0.00000     0.00000     0.00000     0.00000     0.00000     0.46834
   -13.88196     0.47957     0.00068     0.00823     0.00068     0.00000     0.00000     0.00000     0.00000     0.00000     0.48914
   -13.81196     0.50687     0.00078     0.00869     0.00078     0.00000     0.00000     0.00000     0.00000     0.00000     0.51711
   -13.74196     0.53860     0.00090     0.00922     0.00090     0.00000     0.00000     0.00000     0.00000     0.00000     0.54961
   -13.67196     0.56503     0.00100     0.00966     0.00100     0.00000     0.00000     0.00000     0.00000     0.00000     0.57670
   -13.60196     0.59028     0.00110     0.01008     0.00110     0.00000     0.00000     0.00000     0.00000     0.00000     0.60257
   -13.53196     0.62206     0.00124     0.01061     0.00124     0.00000     0.00000     0.00000     0.00000     0.00000     0.63514
   -13.46196     0.65007     0.00134     0.01106     0.00134     0.00000     0.00000     0.00000     0.00000     0.00000     0.66381
   -13.39196     0.74401     0.00143     0.01145     0.00143     0.00000     0.00000     0.00000     0.00000     0.00000     0.75831
   -13.32196     0.87801     0.00156     0.01201     0.00156     0.00000     0.00000     0.00000     0.00000     0.00000     0.89314
   -13.25196     1.00166     0.00174     0.01273     0.00174     0.00000     0.00000     0.00000     0.00000     0.00000     1.01787
   -13.18196     1.13119     0.00192     0.01345     0.00192     0.00000     0.00000     0.00000     0.00000     0.00000     1.14849
   -13.11196     1.23943     0.00211     0.01412     0.00211     0.00000     0.00000     0.00000     0.00000     0.00000     1.25777
   -13.04196     1.34271     0.00232     0.01487     0.00232     0.00000     0.00000     0.00000     0.00000     0.00000     1.36222
   -12.97196     1.44562     0.00254     0.01573     0.00254     0.00000     0.00000     0.00000     0.00000     0.00000     1.46642
   -12.90196     1.54762     0.00275     0.01668     0.00275     0.00000     0.00000     0.00000     0.00000     0.00000     1.56980
   -12.83196     1.65938     0.00295     0.01784     0.00295     0.00000     0.00000     0.00000     0.00000     0.00000     1.68312
   -12.76196     1.87347     0.00317     0.02083     0.00317     0.00000     0.00000     0.00000     0.00000     0.00000     1.90064
   -12.69196     2.14408     0.00339     0.02482     0.00339     0.00000     0.00000     0.00000     0.00000     0.00000     2.17569
   -12.62196     2.37268     0.00358     0.02805     0.00358     0.00000     0.00000     0.00000     0.00000     0.00000     2.40790
   -12.55196     2.69959     0.00378     0.03247     0.00378     0.00000     0.00000     0.00000     0.00000     0.00000     2.73962
   -12.48196     3.11496     0.00401     0.03738     0.00401     0.00000     0.00000     0.00000     0.00000     0.00000     3.16036
   -12.41196     3.44749     0.00417     0.04062     0.00417     0.00000     0.00000     0.00000     0.00000     0.00000     3.49644
   -12.34196     3.68194     0.00422     0.04270     0.00422     0.00000     0.00000     0.00000     0.00000     0.00000     3.73307
   -12.27196     3.78423     0.00423     0.04362     0.00423     0.00000     0.00000     0.00000     0.00000     0.00000     3.83630
   -12.20196     3.78423     0.00423     0.04362     0.00423     0.00000     0.00000     0.00000     0.00000     0.00000     3.83630
   -12.13196     3.78423     0.00423     0.04362     0.00423     0.00000     0.00000     0.00000     0.00000     0.00000     3.83630
   -12.06196     3.78423     0.00423     0.04362     0.00423     0.00000     0.00000     0.00000     0.00000     0.00000     3.83630
   -11.99196     3.78423     0.00423     0.04362     0.00423     0.00000     0.00000     0.00000     0.00000     0.00000     3.83630
   -11.92196     3.78423     0.00423     0.04362     0.00423     0.00000     0.00000     0.00000     0.00000     0.00000     3.83630
   -11.85196     3.78423     0.00423     0.04362     0.00423     0.00000     0.00000     0.00000     0.00000     0.00000     3.83630
   -11.78196     3.78423     0.00423     0.04362     0.00423     0.00000     0.00000     0.00000     0.00000     0.00000     3.83630
   -11.71196     3.78423     0.00423     0.04362     0.00423     0.00000     0.00000     0.00000     0.00000     0.00000     3.83630
   -11.64196     3.78423     0.00423     0.04362     0.00423     0.00000     0.00000     0.00000     0.00000     0.00000     3.83630
   -11.57096     3.78423     0.00423     0.04362     0.00423     0.00000     0.00000     0.00000     0.00000     0.00000     3.83630
   -11.50096     3.78423     0.00423     0.04362     0.00423     0.00000     0.00000     0.00000     0.00000     0.00000     3.83630
   -11.43096     3.78423     0.00423     0.04362     0.00423     0.00000     0.00000     0.00000     0.00000     0.00000     3.83630
   -11.36096     3.78423     0.00423     0.04362     0.00423     0.00000     0.00000     0.00000     0.00000     0.00000     3.83630
   -11.29096     3.78423     0.00423     0.04362     0.00423     0.00000     0.00000     0.00000     0.00000     0.00000     3.83630
   -11.22096     3.78423     0.00423     0.04362     0.00423     0.00000     0.00000     0.00000     0.00000     0.00000     3.83630
   -11.15096     3.78423     0.00423     0.04362     0.00423     0.00000     0.00000     0.00000     0.00000     0.00000     3.83630
   -11.08096     3.78423     0.00423     0.04362     0.00423     0.00000     0.00000     0.00000     0.00000     0.00000     3.83630
   -11.01096     3.78423     0.00423     0.04362     0.00423     0.00000     0.00000     0.00000     0.00000     0.00000     3.83630
   -10.94096     3.78423     0.00423     0.04362     0.00423     0.00000     0.00000     0.00000     0.00000     0.00000     3.83630
   -10.87096     3.78423     0.00423     0.04362     0.00423     0.00000     0.00000     0.00000     0.00000     0.00000     3.83630
   -10.80096     3.78423     0.00423     0.04362     0.00423     0.00000     0.00000     0.00000     0.00000     0.00000     3.83630
   -10.73096     3.78423     0.00423     0.04362     0.00423     0.00000     0.00000     0.00000     0.00000     0.00000     3.83630
   -10.66096     3.78423     0.00423     0.04362     0.00423     0.00000     0.00000     0.00000     0.00000     0.00000     3.83630
   -10.59096     3.78423     0.00423     0.04362     0.00423     0.00000     0.00000     0.00000     0.00000     0.00000     3.83630
   -10.52096     3.78423     0.00423     0.04362     0.00423     0.00000     0.00000     0.00000     0.00000     0.00000     3.83630
   -10.45096     3.78423     0.00423     0.04362     0.00423     0.00000     0.00000     0.00000     0.00000     0.00000     3.83630
   -10.38096     3.78423     0.00423     0.04362     0.00423     0.00000     0.00000     0.00000     0.00000     0.00000     3.83630
   -10.31096     3.78423     0.00423     0.04362     0.00423     0.00000     0.00000     0.00000     0.00000     0.00000     3.83630
   -10.24096     3.78423     0.00423     0.04362     0.00423     0.00000     0.00000     0.00000     0.00000     0.00000     3.83630
   -10.17096     3.78423     0.00423     0.04362     0.00423     0.00000     0.00000     0.00000     0.00000     0.00000     3.83630
   -10.10096     3.78423     0.00423     0.04362     0.00423     0.00000     0.00000     0.00000     0.00000     0.00000     3.83630
   -10.03096     3.78423     0.00423     0.04362     0.00423     0.00000     0.00000     0.00000     0.00000     0.00000     3.83630
    -9.96096     3.78423     0.00423     0.04362     0.00423     0.00000     0.00000     0.00000     0.00000     0.00000     3.83630
    -9.89096     3.78423     0.00423     0.04362     0.00423     0.00000     0.00000     0.00000     0.00000     0.00000     3.83630
    -9.82096     3.78423     0.00423     0.04362     0.00423     0.00000     0.00000     0.00000     0.00000     0.00000     3.83630
    -9.75096     3.78423     0.00423     0.04362     0.00423     0.00000     0.00000     0.00000     0.00000     0.00000     3.83630
    -9.68096     3.78423     0.00423     0.04362     0.00423     0.00000     0.00000     0.00000     0.00000     0.00000     3.83630
    -9.61096     3.78423     0.00423     0.04362     0.00423     0.00000     0.00000     0.00000     0.00000     0.00000     3.83630
    -9.54096     3.78423     0.00423     0.04362     0.00423     0.00000     0.00000     0.00000     0.00000     0.00000     3.83630
    -9.47096     3.78423     0.00423     0.04362     0.00423     0.00000     0.00000     0.00000     0.00000     0.00000     3.83630
    -9.40096     3.78423     0.00423     0.04362     0.00423     0.00000     0.00000     0.00000     0.00000     0.00000     3.83630
    -9.33096     3.78423     0.00423     0.04362     0.00423     0.00000     0.00000     0.00000     0.00000     0.00000     3.83630
    -9.26096     3.78423     0.00423     0.04362     0.00423     0.00000     0.00000     0.00000     0.00000     0.00000     3.83630
    -9.19096     3.78423     0.00423     0.04362     0.00423     0.00000     0.00000     0.00000     0.00000     0.00000     3.83630
    -9.12096     3.78423     0.00423     0.04362     0.00423     0.00000     0.00000     0.00000     0.00000     0.00000     3.83630
    -9.05096     3.78423     0.00423     0.04362     0.00423     0.00000     0.00000     0.00000     0.00000     0.00000     3.83630
    -8.98096     3.78423     0.00423     0.04362     0.00423     0.00000     0.00000     0.00000     0.00000     0.00000     3.83630
    -8.91096     3.78423     0.00423     0.04362     0.00423     0.00000     0.00000     0.00000     0.00000     0.00000     3.83630
    -8.84096     3.78423     0.00423     0.04362     0.00423     0.00000     0.00000     0.00000     0.00000     0.00000     3.83630
    -8.77096     3.78423     0.00423     0.04362     0.00423     0.00000     0.00000     0.00000     0.00000     0.00000     3.83630
    -8.70096     3.78423     0.00423     0.04362     0.00423     0.00000     0.00000     0.00000     0.00000     0.00000     3.83630
    -8.62996     3.78423     0.00423     0.04362     0.00423     0.00000     0.00000     0.00000     0.00000     0.00000     3.83630
    -8.55996     3.78423     0.00423     0.04362     0.00423     0.00000     0.00000     0.00000     0.00000     0.00000     3.83630
    -8.48996     3.78423     0.00423     0.04362     0.00423     0.00000     0.00000     0.00000     0.00000     0.00000     3.83630
    -8.41996     3.78423     0.00423     0.04362     0.00423     0.00000     0.00000     0.00000     0.00000     0.00000     3.83630
    -8.34996     3.78423     0.00423     0.04362     0.00423     0.00000     0.00000     0.00000     0.00000     0.00000     3.83630
    -8.27996     3.78423     0.00423     0.04362     0.00423     0.00000     0.00000     0.00000     0.00000     0.00000     3.83630
    -8.20996     3.78423     0.00423     0.04362     0.00423     0.00000     0.00000     0.00000     0.00000     0.00000     3.83630
    -8.13996     3.78423     0.00423     0.04362     0.00423     0.00000     0.00000     0.00000     0.00000     0.00000     3.83630
    -8.06996     3.78423     0.00423     0.04362     0.00423     0.00000     0.00000     0.00000     0.00000     0.00000     3.83630
    -7.99996     3.78423     0.00423     0.04362     0.00423     0.00000     0.00000     0.00000     0.00000     0.00000     3.83630
    -7.92996     3.78423     0.00423     0.04362     0.00423     0.00000     0.00000     0.00000     0.00000     0.00000     3.83630
    -7.85996     3.78423     0.00423     0.04362     0.00423     0.00000     0.00000     0.00000     0.00000     0.00000     3.83630
    -7.78996     3.78423     0.00423     0.04362     0.00423     0.00000     0.00000     0.00000     0.00000     0.00000     3.83630
    -7.71996     3.78423     0.00423     0.04362     0.00423     0.00000     0.00000     0.00000     0.00000     0.00000     3.83630
    -7.64996     3.78423     0.00423     0.04362     0.00423     0.00000     0.00000     0.00000     0.00000     0.00000     3.83630
    -7.57996     3.78423     0.00423     0.04362     0.00423     0.00000     0.00000     0.00000     0.00000     0.00000     3.83630
    -7.50996     3.78423     0.00423     0.04362     0.00423     0.00000     0.00000     0.00000     0.00000     0.00000     3.83630
    -7.43996     3.78423     0.00423     0.04362     0.00423     0.00000     0.00000     0.00000     0.00000     0.00000     3.83630
    -7.36996     3.78423     0.00423     0.04362     0.00423     0.00000     0.00000     0.00000     0.00000     0.00000     3.83630
    -7.29996     3.78423     0.00423     0.04362     0.00423     0.00000     0.00000     0.00000     0.00000     0.00000     3.83630
    -7.22996     3.78423     0.00423     0.04362     0.00423     0.00000     0.00000     0.00000     0.00000     0.00000     3.83630
    -7.15996     3.78423     0.00423     0.04362     0.00423     0.00000     0.00000     0.00000     0.00000     0.00000     3.83630
    -7.08996     3.78423     0.00423     0.04362     0.00423     0.00000     0.00000     0.00000     0.00000     0.00000     3.83630
    -7.01996     3.78423     0.00423     0.04362     0.00423     0.00000     0.00000     0.00000     0.00000     0.00000     3.83630
    -6.94996     3.78423     0.00423     0.04362     0.00423     0.00000     0.00000     0.00000     0.00000     0.00000     3.83630
    -6.87996     3.78423     0.00423     0.04362     0.00423     0.00000     0.00000     0.00000     0.00000     0.00000     3.83630
    -6.80996     3.78423     0.00423     0.04362     0.00423     0.00000     0.00000     0.00000     0.00000     0.00000     3.83630
    -6.73996     3.78423     0.00423     0.04362     0.00423     0.00000     0.00000     0.00000     0.00000     0.00000     3.83630
    -6.66996     3.78423     0.00423     0.04362     0.00423     0.00000     0.00000     0.00000     0.00000     0.00000     3.83630
    -6.59996     3.78423     0.00423     0.04362     0.00423     0.00000     0.00000     0.00000     0.00000     0.00000     3.83630
    -6.52996     3.78423     0.00423     0.04362     0.00423     0.00000     0.00000     0.00000     0.00000     0.00000     3.83630
    -6.45996     3.78423     0.00423     0.04362     0.00423     0.00000     0.00000     0.00000     0.00000     0.00000     3.83630
    -6.38996     3.78495     0.00423     0.05130     0.00423     0.00000     0.00000     0.00000     0.00000     0.00000     3.84470
    -6.31996     3.78622     0.00445     0.06496     0.00445     0.00000     0.00000     0.00000     0.00000     0.00000     3.86006
    -6.24996     3.78820     0.02135     0.07593     0.02135     0.00000     0.00000     0.00000     0.00000     0.00000     3.90682
    -6.17996     3.79097     0.05255     0.08653     0.05255     0.00000     0.00000     0.00000     0.00000     0.00000     3.98259
    -6.10996     3.79307     0.07583     0.09572     0.07583     0.00000     0.00000     0.00000     0.00000     0.00000     4.04045
    -6.03996     3.79448     0.09192     0.10281     0.09192     0.00000     0.00000     0.00000     0.00000     0.00000     4.08113
    -5.96996     3.79568     0.10536     0.11015     0.10536     0.00000     0.00000     0.00000     0.00000     0.00000     4.11655
    -5.89996     3.79986     0.12219     0.13822     0.12219     0.00000     0.00000     0.00000     0.00000     0.00000     4.18246
    -5.82996     3.80544     0.15975     0.17635     0.15975     0.00000     0.00000     0.00000     0.00000     0.00000     4.30128
    -5.75996     3.80885     0.20201     0.20098     0.20201     0.00000     0.00000     0.00000     0.00000     0.00000     4.41385
    -5.68896     3.81175     0.23206     0.22698     0.23206     0.00000     0.00000     0.00000     0.00000     0.00000     4.50285
    -5.61896     3.81459     0.26349     0.25510     0.26349     0.00000     0.00000     0.00000     0.00000     0.00000     4.59668
    -5.54896     3.81732     0.30105     0.27780     0.30105     0.00000     0.00000     0.00000     0.00000     0.00000     4.69722
    -5.47896     3.82009     0.33801     0.29814     0.33801     0.00000     0.00000     0.00000     0.00000     0.00000     4.79425
    -5.40896     3.82328     0.37460     0.32089     0.37460     0.00000     0.00000     0.00000     0.00000     0.00000     4.89336
    -5.33896     3.82733     0.42153     0.34762     0.42153     0.00000     0.00000     0.00000     0.00000     0.00000     5.01800
    -5.26896     3.83165     0.47011     0.36900     0.47011     0.00000     0.00000     0.00000     0.00000     0.00000     5.14087
    -5.19896     3.83433     0.50296     0.37683     0.50296     0.00000     0.00000     0.00000     0.00000     0.00000     5.21708
    -5.12896     3.83534     0.52432     0.37856     0.52432     0.00000     0.00000     0.00000     0.00000     0.00000     5.26254
    -5.05896     3.83615     0.54906     0.38013     0.54906     0.00000     0.00000     0.00000     0.00000     0.00000     5.31440
    -4.98896     3.83680     0.56531     0.38146     0.56531     0.00000     0.00000     0.00000     0.00000     0.00000     5.34888
    -4.91896     3.83739     0.57143     0.38265     0.57143     0.00000     0.00000     0.00000     0.00000     0.00000     5.36290
    -4.84896     3.83792     0.57707     0.38392     0.57707     0.00000     0.00000     0.00000     0.00000     0.00000     5.37598
    -4.77896     3.83851     0.58312     0.38561     0.58312     0.00000     0.00000     0.00000     0.00000     0.00000     5.39034
    -4.70896     3.83917     0.58965     0.38765     0.58965     0.00000     0.00000     0.00000     0.00000     0.00000     5.40611
    -4.63896     3.83971     0.59444     0.38961     0.59444     0.00000     0.00000     0.00000     0.00000     0.00000     5.41820
    -4.56896     3.84491     0.61339     0.42767     0.61339     0.00000     0.00000     0.00000     0.00000     0.00000     5.49935
    -4.49896     3.85492     0.64251     0.49831     0.64251     0.00000     0.00000     0.00000     0.00000     0.00000     5.63824
    -4.42896     3.86658     0.67019     0.57363     0.67019     0.00000     0.00000     0.00000     0.00000     0.00000     5.78059
    -4.35896     3.87854     0.69501     0.63977     0.69501     0.00000     0.00000     0.00000     0.00000     0.00000     5.90832
    -4.28896     3.88975     0.71560     0.68835     0.71560     0.00000     0.00000     0.00000     0.00000     0.00000     6.00930
    -4.21896     3.90036     0.73569     0.72760     0.73569     0.00000     0.00000     0.00000     0.00000     0.00000     6.09934
    -4.14896     3.91195     0.75560     0.76912     0.75560     0.00000     0.00000     0.00000     0.00000     0.00000     6.19227
    -4.07896     3.92098     0.77183     0.80339     0.77183     0.00000     0.00000     0.00000     0.00000     0.00000     6.26804
    -4.00896     3.93053     0.78439     0.85113     0.78439     0.00000     0.00000     0.00000     0.00000     0.00000     6.35044
    -3.93896     3.94074     0.79811     0.90448     0.79811     0.00000     0.00000     0.00000     0.00000     0.00000     6.44144
    -3.86896     3.94525     0.81296     0.92583     0.81296     0.00000     0.00000     0.00000     0.00000     0.00000     6.49701
    -3.79896     3.94933     0.83162     0.94730     0.83162     0.00000     0.00000     0.00000     0.00000     0.00000     6.55986
    -3.72896     3.95347     0.85579     0.97223     0.85579     0.00000     0.00000     0.00000     0.00000     0.00000     6.63727
    -3.65896     3.95663     0.90771     0.99592     0.90771     0.00000     0.00000     0.00000     0.00000     0.00000     6.76797
    -3.58896     3.96012     1.00093     1.02253     1.00093     0.00000     0.00000     0.00000     0.00000     0.00000     6.98451
    -3.51896     3.96281     1.07532     1.04512     1.07532     0.00000     0.00000     0.00000     0.00000     0.00000     7.15858
    -3.44896     3.96512     1.13076     1.06525     1.13076     0.00000     0.00000     0.00000     0.00000     0.00000     7.29188
    -3.37896     3.96768     1.19540     1.08171     1.19540     0.00000     0.00000     0.00000     0.00000     0.00000     7.44019
    -3.30896     3.96934     1.23767     1.09292     1.23767     0.00000     0.00000     0.00000     0.00000     0.00000     7.53759
    -3.23896     3.97064     1.26074     1.10607     1.26074     0.00000     0.00000     0.00000     0.00000     0.00000     7.59819
    -3.16896     3.97170     1.28360     1.11844     1.28360     0.00000     0.00000     0.00000     0.00000     0.00000     7.65735
    -3.09896     3.97250     1.30730     1.12679     1.30730     0.00000     0.00000     0.00000     0.00000     0.00000     7.71388
    -3.02896     3.97330     1.34784     1.13700     1.34784     0.00000     0.00000     0.00000     0.00000     0.00000     7.80599
    -2.95896     3.97404     1.39170     1.15161     1.39170     0.00000     0.00000     0.00000     0.00000     0.00000     7.90905
    -2.88896     3.97453     1.41749     1.16319     1.41749     0.00000     0.00000     0.00000     0.00000     0.00000     7.97269
    -2.81796     3.97520     1.44286     1.17643     1.44286     0.00000     0.00000     0.00000     0.00000     0.00000     8.03735
    -2.74796     3.97579     1.46535     1.19255     1.46535     0.00000     0.00000     0.00000     0.00000     0.00000     8.09903
    -2.67796     3.97634     1.48922     1.21135     1.48922     0.00000     0.00000     0.00000     0.00000     0.00000     8.16614
    -2.60796     3.98059     1.51632     1.27432     1.51632     0.00000     0.00000     0.00000     0.00000     0.00000     8.28754
    -2.53796     3.98848     1.54500     1.38056     1.54500     0.00000     0.00000     0.00000     0.00000     0.00000     8.45903
    -2.46796     3.99630     1.58115     1.48685     1.58115     0.00000     0.00000     0.00000     0.00000     0.00000     8.64546
    -2.39796     4.00205     1.62118     1.56200     1.62118     0.00000     0.00000     0.00000     0.00000     0.00000     8.80642
    -2.32796     4.00594     1.65243     1.60955     1.65243     0.00000     0.00000     0.00000     0.00000     0.00000     8.92036
    -2.25796     4.01354     1.67961     1.72123     1.67961     0.00000     0.00000     0.00000     0.00000     0.00000     9.09399
    -2.18796     4.02040     1.70842     1.82595     1.70842     0.00000     0.00000     0.00000     0.00000     0.00000     9.26319
    -2.11796     4.02241     1.73208     1.85601     1.73208     0.00000     0.00000     0.00000     0.00000     0.00000     9.34258
    -2.04796     4.02410     1.75822     1.88095     1.75822     0.00000     0.00000     0.00000     0.00000     0.00000     9.42148
    -1.97796     4.02583     1.79679     1.90577     1.79679     0.00000     0.00000     0.00000     0.00000     0.00000     9.52518
    -1.90796     4.02734     1.84417     1.92910     1.84417     0.00000     0.00000     0.00000     0.00000     0.00000     9.64478
    -1.83796     4.02878     1.88179     1.95571     1.88179     0.00000     0.00000     0.00000     0.00000     0.00000     9.74807
    -1.76796     4.03027     1.91170     1.99018     1.91170     0.00000     0.00000     0.00000     0.00000     0.00000     9.84385
    -1.69796     4.03153     1.94459     2.02529     1.94459     0.00000     0.00000     0.00000     0.00000     0.00000     9.94599
    -1.62796     4.03256     1.97606     2.05461     1.97606     0.00000     0.00000     0.00000     0.00000     0.00000    10.03928
    -1.55796     4.03349     2.01432     2.08549     2.01432     0.00000     0.00000     0.00000     0.00000     0.00000    10.14762
    -1.48796     4.03421     2.05561     2.10738     2.05561     0.00000     0.00000     0.00000     0.00000     0.00000    10.25282
    -1.41796     4.03489     2.08668     2.11688     2.08668     0.00000     0.00000     0.00000     0.00000     0.00000    10.32514
    -1.34796     4.03605     2.10146     2.13461     2.10146     0.00000     0.00000     0.00000     0.00000     0.00000    10.37359
    -1.27796     4.03761     2.10469     2.16709     2.10469     0.00000     0.00000     0.00000     0.00000     0.00000    10.41407
    -1.20796     4.03969     2.11123     2.20421     2.11123     0.00000     0.00000     0.00000     0.00000     0.00000    10.46636
    -1.13796     4.04210     2.12070     2.24147     2.12070     0.00000     0.00000     0.00000     0.00000     0.00000    10.52498
    -1.06796     4.04457     2.13159     2.29314     2.13159     0.00000     0.00000     0.00000     0.00000     0.00000    10.60090
    -0.99796     4.04702     2.14319     2.34420     2.14319     0.00000     0.00000     0.00000     0.00000     0.00000    10.67760
    -0.92796     4.04862     2.15253     2.37092     2.15253     0.00000     0.00000     0.00000     0.00000     0.00000    10.72461
    -0.85796     4.04962     2.16131     2.38519     2.16131     0.00000     0.00000     0.00000     0.00000     0.00000    10.75743
    -0.78796     4.05066     2.17148     2.40608     2.17148     0.00000     0.00000     0.00000     0.00000     0.00000    10.79970
    -0.71796     4.05147     2.18144     2.42257     2.18144     0.00000     0.00000     0.00000     0.00000     0.00000    10.83692
    -0.64796     4.05212     2.19043     2.42867     2.19043     0.00000     0.00000     0.00000     0.00000     0.00000    10.86166
    -0.57796     4.05284     2.19880     2.43394     2.19880     0.00000     0.00000     0.00000     0.00000     0.00000    10.88439
    -0.50796     4.05342     2.20671     2.43795     2.20671     0.00000     0.00000     0.00000     0.00000     0.00000    10.90480
    -0.43796     4.05412     2.21759     2.44239     2.21759     0.00000     0.00000     0.00000     0.00000     0.00000    10.93168
    -0.36796     4.05498     2.22661     2.44818     2.22661     0.00000     0.00000     0.00000     0.00000     0.00000    10.95638
    -0.29796     4.05578     2.22900     2.45426     2.22900     0.00000     0.00000     0.00000     0.00000     0.00000    10.96805
    -0.22796     4.05654     2.22967     2.46069     2.22967     0.00000     0.00000     0.00000     0.00000     0.00000    10.97656
    -0.15796     4.05729     2.23020     2.46784     2.23020     0.00000     0.00000     0.00000     0.00000     0.00000    10.98553
    -0.08796     4.05836     2.23069     2.47979     2.23069     0.00000     0.00000     0.00000     0.00000     0.00000    10.99953
    -0.01796     4.05995     2.23099     2.50006     2.23099     0.00000     0.00000     0.00000     0.00000     0.00000    11.02199
     0.05204     4.06086     2.23104     2.51222     2.23104     0.00000     0.00000     0.00000     0.00000     0.00000    11.03517
     0.12304     4.06086     2.23104     2.51222     2.23104     0.00000     0.00000     0.00000     0.00000     0.00000    11.03517
     0.19304     4.06086     2.23104     2.51222     2.23104     0.00000     0.00000     0.00000     0.00000     0.00000    11.03517
     0.26304     4.06086     2.23104     2.51222     2.23104     0.00000     0.00000     0.00000     0.00000     0.00000    11.03517
     0.33304     4.06086     2.23104     2.51222     2.23104     0.00000     0.00000     0.00000     0.00000     0.00000    11.03517
     0.40304     4.06086     2.23104     2.51222     2.23104     0.00000     0.00000     0.00000     0.00000     0.00000    11.03517
     0.47304     4.06086     2.23104     2.51222     2.23104     0.00000     0.00000     0.00000     0.00000     0.00000    11.03517
     0.54304     4.06086     2.23104     2.51222     2.23104     0.00000     0.00000     0.00000     0.00000     0.00000    11.03517
     0.61304     4.06086     2.23104     2.51222     2.23104     0.00000     0.00000     0.00000     0.00000     0.00000    11.03517
     0.68304     4.06086     2.23104     2.51222     2.23104     0.00000     0.00000     0.00000     0.00000     0.00000    11.03517
     0.75304     4.06086     2.23104     2.51222     2.23104     0.00000     0.00000     0.00000     0.00000     0.00000    11.03517
     0.82304     4.06086     2.23104     2.51222     2.23104     0.00000     0.00000     0.00000     0.00000     0.00000    11.03517
     0.89304     4.06086     2.23104     2.51222     2.23104     0.00000     0.00000     0.00000     0.00000     0.00000    11.03517
     0.96304     4.06086     2.23104     2.51222     2.23104     0.00000     0.00000     0.00000     0.00000     0.00000    11.03517
     1.03304     4.06086     2.23104     2.51222     2.23104     0.00000     0.00000     0.00000     0.00000     0.00000    11.03517
     1.10304     4.06086     2.23104     2.51222     2.23104     0.00000     0.00000     0.00000     0.00000     0.00000    11.03517
     1.17304     4.06086     2.23104     2.51222     2.23104     0.00000     0.00000     0.00000     0.00000     0.00000    11.03517
     1.24304     4.06116     2.23235     2.51273     2.23235     0.00000     0.00000     0.00000     0.00000     0.00000    11.03859
     1.31304     4.06180     2.23821     2.51394     2.23821     0.00000     0.00000     0.00000     0.00000     0.00000    11.05216
     1.38304     4.06234     2.24511     2.51520     2.24511     0.00000     0.00000     0.00000     0.00000     0.00000    11.06777
     1.45304     4.06291     2.25015     2.51663     2.25015     0.00000     0.00000     0.00000     0.00000     0.00000    11.07984
     1.52304     4.06405     2.25677     2.51907     2.25677     0.00000     0.00000     0.00000     0.00000     0.00000    11.09665
     1.59304     4.06533     2.26390     2.52181     2.26390     0.00000     0.00000     0.00000     0.00000     0.00000    11.11495
     1.66304     4.06684     2.27324     2.52530     2.27324     0.00000     0.00000     0.00000     0.00000     0.00000    11.13862
     1.73304     4.06861     2.28497     2.52962     2.28497     0.00000     0.00000     0.00000     0.00000     0.00000    11.16818
     1.80304     4.07020     2.30356     2.53417     2.30356     0.00000     0.00000     0.00000     0.00000     0.00000    11.21149
     1.87304     4.07240     2.33064     2.54094     2.33064     0.00000     0.00000     0.00000     0.00000     0.00000    11.27463
     1.94304     4.07646     2.35691     2.54786     2.35691     0.00000     0.00000     0.00000     0.00000     0.00000    11.33814
     2.01304     4.08225     2.38674     2.55264     2.38674     0.00000     0.00000     0.00000     0.00000     0.00000    11.40837
     2.08304     4.08705     2.41656     2.55620     2.41656     0.00000     0.00000     0.00000     0.00000     0.00000    11.47638
     2.15304     4.09072     2.44571     2.55954     2.44571     0.00000     0.00000     0.00000     0.00000     0.00000    11.54169
     2.22304     4.09520     2.48751     2.56539     2.48751     0.00000     0.00000     0.00000     0.00000     0.00000    11.63561
     2.29304     4.10058     2.55915     2.57706     2.55915     0.00000     0.00000     0.00000     0.00000     0.00000    11.79593
     2.36304     4.10575     2.64566     2.59054     2.64566     0.00000     0.00000     0.00000     0.00000     0.00000    11.98762
     2.43304     4.11007     2.70988     2.60174     2.70988     0.00000     0.00000     0.00000     0.00000     0.00000    12.13158
     2.50304     4.11393     2.77311     2.61210     2.77311     0.00000     0.00000     0.00000     0.00000     0.00000    12.27225
     2.57304     4.11818     2.84441     2.62360     2.84441     0.00000     0.00000     0.00000     0.00000     0.00000    12.43061
     2.64304     4.12227     2.88537     2.63623     2.88537     0.00000     0.00000     0.00000     0.00000     0.00000    12.52923
     2.71304     4.12505     2.90120     2.64612     2.90120     0.00000     0.00000     0.00000     0.00000     0.00000    12.57358
     2.78304     4.12699     2.91347     2.65345     2.91347     0.00000     0.00000     0.00000     0.00000     0.00000    12.60737
     2.85304     4.12866     2.92172     2.66104     2.92172     0.00000     0.00000     0.00000     0.00000     0.00000    12.63315
     2.92304     4.13037     2.93040     2.66976     2.93040     0.00000     0.00000     0.00000     0.00000     0.00000    12.66093
     2.99304     4.13244     2.94186     2.68111     2.94186     0.00000     0.00000     0.00000     0.00000     0.00000    12.69727
     3.06404     4.13485     2.95224     2.69622     2.95224     0.00000     0.00000     0.00000     0.00000     0.00000    12.73553
     3.13404     4.13775     2.96234     2.72159     2.96234     0.00000     0.00000     0.00000     0.00000     0.00000    12.78403
     3.20404     4.14070     2.97279     2.74362     2.97279     0.00000     0.00000     0.00000     0.00000     0.00000    12.82991
     3.27404     4.14356     2.98144     2.75221     2.98144     0.00000     0.00000     0.00000     0.00000     0.00000    12.85866
     3.34404     4.14839     2.99214     2.76300     2.99214     0.00000     0.00000     0.00000     0.00000     0.00000    12.89566
     3.41404     4.15315     3.00145     2.77351     3.00145     0.00000     0.00000     0.00000     0.00000     0.00000    12.92957
     3.48404     4.15660     3.01088     2.78120     3.01088     0.00000     0.00000     0.00000     0.00000     0.00000    12.95955
     3.55404     4.16199     3.02318     2.79536     3.02318     0.00000     0.00000     0.00000     0.00000     0.00000    13.00370
     3.62404     4.16806     3.03359     2.81309     3.03359     0.00000     0.00000     0.00000     0.00000     0.00000    13.04833
     3.69404     4.17124     3.04495     2.82326     3.04495     0.00000     0.00000     0.00000     0.00000     0.00000    13.08439
     3.76404     4.17315     3.06852     2.83021     3.06852     0.00000     0.00000     0.00000     0.00000     0.00000    13.14040
     3.83404     4.17535     3.09012     2.83792     3.09012     0.00000     0.00000     0.00000     0.00000     0.00000    13.19351
     3.90404     4.17717     3.09817     2.84417     3.09817     0.00000     0.00000     0.00000     0.00000     0.00000    13.21767
     3.97404     4.17926     3.10365     2.85148     3.10365     0.00000     0.00000     0.00000     0.00000     0.00000    13.23803
     4.04404     4.18192     3.10707     2.86048     3.10707     0.00000     0.00000     0.00000     0.00000     0.00000    13.25655
     4.11404     4.18482     3.10950     2.87012     3.10950     0.00000     0.00000     0.00000     0.00000     0.00000    13.27394
     4.18404     4.18772     3.11120     2.87983     3.11120     0.00000     0.00000     0.00000     0.00000     0.00000    13.28995
     4.25404     4.19123     3.11232     2.89173     3.11232     0.00000     0.00000     0.00000     0.00000     0.00000    13.30760
     4.32404     4.19510     3.11312     2.90499     3.11312     0.00000     0.00000     0.00000     0.00000     0.00000    13.32633
     4.39404     4.20022     3.11360     2.92260     3.11360     0.00000     0.00000     0.00000     0.00000     0.00000    13.35001
     4.46404     4.20662     3.11389     2.94484     3.11389     0.00000     0.00000     0.00000     0.00000     0.00000    13.37924
     4.53404     4.20978     3.11398     2.95587     3.11398     0.00000     0.00000     0.00000     0.00000     0.00000    13.39362
     4.60404     4.20978     3.11398     2.95587     3.11398     0.00000     0.00000     0.00000     0.00000     0.00000    13.39362
     4.67404     4.20978     3.11398     2.95587     3.11398     0.00000     0.00000     0.00000     0.00000     0.00000    13.39362
     4.74404     4.20978     3.11398     2.95587     3.11398     0.00000     0.00000     0.00000     0.00000     0.00000    13.39362
     4.81404     4.20978     3.11398     2.95587     3.11398     0.00000     0.00000     0.00000     0.00000     0.00000    13.39362
     4.88404     4.20978     3.11398     2.95587     3.11398     0.00000     0.00000     0.00000     0.00000     0.00000    13.39362
     4.95404     4.20978     3.11398     2.95587     3.11398     0.00000     0.00000     0.00000     0.00000     0.00000    13.39362
     5.02404     4.20978     3.11398     2.95587     3.11398     0.00000     0.00000     0.00000     0.00000     0.00000    13.39362
     5.09404     4.20978     3.11398     2.95587     3.11398     0.00000     0.00000     0.00000     0.00000     0.00000    13.39362
     5.16404     4.20978     3.11398     2.95587     3.11398     0.00000     0.00000     0.00000     0.00000     0.00000    13.39362
     5.23404     4.20978     3.11398     2.95587     3.11398     0.00000     0.00000     0.00000     0.00000     0.00000    13.39362
     5.30404     4.20978     3.11398     2.95587     3.11398     0.00000     0.00000     0.00000     0.00000     0.00000    13.39362
     5.37404     4.20978     3.11398     2.95587     3.11398     0.00000     0.00000     0.00000     0.00000     0.00000    13.39362
